{
  "basename": "20260305-210247_Labyrinthine-Saxophone",
  "timestamp": "20260305-210247",
  "prompt": "Design the Labyrinthine Saxophone: body constructed from space-coiling acoustic metamaterials...",
  "answer": "**Conceptual Summary: Labyrinthine Saxophone**\n\nThe organogram of the Labyrinthine Saxophone visualizes its design decisions:\n\n* Body: Space-coiling acoustic metamaterials (represented by intersecting hexagons) for enhanced sound manipulation and adaptive resonance.\n* Arrows indicate airflow through the instrument's twisting tubes, illustrating the complex flow dynamics.\n* Colors:\n\t+ Red: Acoustic metamaterials\n\t+ Blue: Airflow pathways\n\t+ Yellow: Performer interaction points\n* The acoustical rationale lies in the self-similar patterns of space-coiling, allowing for phase cancellation and amplification of desired frequencies.\n* Organological relations are established through resonant harmonics and feedback loops between the mouthpiece, body, and bell sections.\n* Performative interactions involve the player's breath control, fingerings, and embouchure (lip and facial muscles) to manipulate sound waves within the labyrinthine structure.\n\n**",
  "code": "import matplotlib.pyplot as plt\nimport numpy as np\nplt.style.use('dark_background')\n\n# Define figure size and background transparency\nfig, ax = plt.subplots(figsize=(12, 8))\nax.patch.set_alpha(0.0)\n\n# Draw acoustic metamaterials (intersecting hexagons)\nhexagon1 = plt.Polygon(np.array([[0, 0], [10, 5], [20, 0]]), facecolor='red', alpha=0.7)\nhexagon2 = plt.Polygon(np.array([[15, 10], [25, 5], [15, 0]]), facecolor='red', alpha=0.7)\n\nax.add_patch(hexagon1)\nax.add_patch(hexagon2)\n\n# Draw airflow pathways (blue lines)\nx1, y1 = np.linspace(0, 12, 100), np.zeros_like(np.linspace(0, 12, 100))\nx2, y2 = np.linspace(10, 20, 100), np.ones_like(np.linspace(10, 20, 100))\n\nax.plot(x1, y1, color='blue', linewidth=2.5)\nax.plot(x2, y2, color='blue', linewidth=2.5)\n\n# Add arrows for airflow (yellow triangles)\narrow_props = dict(\n    facecolor='yellow',\n    edgecolor='black',\n    linewidth=2.5,\n    length_includes_head=True\n)\nax.arrow(12, 0, -6, 3, head_width=1.5, head_length=1, **arrow_props)\n\n# Set limits and aspect ratio\nax.set_xlim(-10, 30)\nax.set_ylim(-5, 15)\nax.set_aspect('equal')\n\n# Remove ticks and frames\nplt.xticks([])\nplt.yticks([])\nax.spines['top'].set_visible(False)\nax.spines['right'].set_visible(False)\nax.spines['left'].set_color('black')\nax.spines['bottom'].set_color('black')\nax.grid(True, color='grey', alpha=0.3)\n\n# Display the plot\nplt.show()",
  "image_url": "/api/gallery/image/20260305-210247_Labyrinthine-Saxophone.png",
  "stl_url": "/api/gallery/file/20260305-210247_Labyrinthine-Saxophone_highres.stl",
  "modes": [
    "plot",
    "lrm"
  ],
  "sketch_url": "/api/gallery/image/20260305-210247_Labyrinthine-Saxophone.sketch.png",
  "sketch_prompt": "realistic 3D object, solid black background, cinematic lighting, dark mode. Concept: **Conceptual Summary: Labyrinthine Saxophone** The organogram of the Labyrinthin... Design the Labyrinthine Saxophone: body constructed from spa.... photorealistic, highly detailed, 8k, obsidian background.",
  "sketch_model": "OFA-Sys/small-stable-diffusion-v0",
  "updated_at": "2026-04-12T10:11:54.050764",
  "featured": true,
  "modulus": {
    "status": "success",
    "method": "Acoustic PINN Surrogate (PyTorch/CPU)",
    "platform": "Darwin (macOS)",
    "params": {
      "freq": 440.0,
      "obs_x": 0.0,
      "obs_y": 0.0,
      "prompt": "[MODULUS] Design the Labyrinthine Saxophone: body constructed from space-coiling acoustic metamaterials..."
    },
    "results": {
      "pressure_map": [
        [
          -0.6829933033101041,
          -0.9312938158234885,
          -1.1390628350419243,
          -1.2987414516671232,
          -1.4076263897903853,
          -1.4677769248708312,
          -1.4854473327366622,
          -1.4701228095042131,
          -1.433277430701225,
          -1.386997541001918,
          -1.3426191599013204,
          -1.3095134743569385,
          -1.294125110468056,
          -1.2993325778903155,
          -1.324168426401468,
          -1.3639129364757483,
          -1.4105569029279021,
          -1.4536088384808712,
          -1.4811940053658577,
          -1.481358117835663,
          -1.4434549649410675,
          -1.359474353062971,
          -1.2251618345306012,
          -1.0407969915639002,
          -0.8115304165495436,
          -0.5472259241187581,
          -0.2618076312989861,
          0.02783511248789889,
          0.3032842962179519,
          0.5462336302753714,
          0.740172307828721,
          0.871945407722641,
          0.9330348352377833,
          0.920431092523226,
          0.837005615693088,
          0.6913419313785841,
          0.49703662066780974,
          0.2715327898148289,
          0.034594318780401666,
          -0.19343589376587544,
          -0.39342955946637476,
          -0.5491495088844236,
          -0.6486516817919648,
          -0.6852820493733776,
          -0.6581773128589353,
          -0.5722262392000925,
          -0.4375003848907383,
          -0.2682136278823869,
          -0.0813144358056527,
          0.10515114893059707
        ],
        [
          -0.9312938158234885,
          -1.1569237641850685,
          -1.326906694136707,
          -1.4354454255916398,
          -1.4825725620877257,
          -1.4738638402617987,
          -1.4196111059225187,
          -1.333557765610289,
          -1.231346868844732,
          -1.1288592682371508,
          -1.040620100826043,
          -0.9784246912045806,
          -0.9502871575504769,
          -0.9597628713919545,
          -1.0056582913447811,
          -1.0821276942869096,
          -1.1791574308116695,
          -1.2834340114624732,
          -1.3795664207914915,
          -1.4515861312992986,
          -1.484595875300867,
          -1.4663992329533415,
          -1.3889296537402434,
          -1.2493121854293918,
          -1.050429471122579,
          -0.8009178336873319,
          -0.5145812724897711,
          -0.20927335225589533,
          0.09464729739056425,
          0.3761381912030772,
          0.6153930189675539,
          0.795672555515108,
          0.9048672672783133,
          0.9366388874281573,
          0.8910295915624699,
          0.7744794746396438,
          0.5992506126121676,
          0.38231340436672145,
          0.14380251419103038,
          -0.09480942804916898,
          -0.3126460610463192,
          -0.4912861125231259,
          -0.6163722556583879,
          -0.6788210603290671,
          -0.6755248580373264,
          -0.6094862316647768,
          -0.4893808977796617,
          -0.3285995503017137,
          -0.1438684454353339,
          0.04641259681641851
        ],
        [
          -1.1390628350419243,
          -1.326906694136707,
          -1.4434914604858502,
          -1.4852840227348993,
          -1.4555677362269088,
          -1.3639288849147253,
          -1.2251324330788023,
          -1.0575184126055381,
          -0.8811079249661388,
          -0.7156412813819056,
          -0.5787680473544731,
          -0.48456273595671434,
          -0.4424588094172602,
          -0.4566073743077081,
          -0.5256168115204771,
          -0.6426385728073355,
          -0.7958119575362376,
          -0.969114333640399,
          -1.1436422467553875,
          -1.2992757929030336,
          -1.416589995369695,
          -1.4788110466294202,
          -1.4735911104690358,
          -1.3943922198270344,
          -1.2413169915303193,
          -1.0212890558565955,
          -0.7475586996094197,
          -0.4385808548076942,
          -0.11637649970830576,
          0.19546064460323717,
          0.4739166398924363,
          0.698659786019784,
          0.8538905105448161,
          0.929762561881046,
          0.923242468775988,
          0.8383296682150038,
          0.6856219755234447,
          0.4812740670042198,
          0.24545426235835627,
          0.0004516238179734469,
          -0.23138314955157632,
          -0.42966620191948146,
          -0.5777873469073947,
          -0.664328337846018,
          -0.6839655298186931,
          -0.6377813616325729,
          -0.5329670294522496,
          -0.38195740804901107,
          -0.20109298947056606,
          -0.008947211628438864
        ],
        [
          -1.2987414516671232,
          -1.4354454255916398,
          -1.4852840227348993,
          -1.447443511282194,
          -1.328909214042009,
          -1.1436929962567393,
          -0.9113712863425998,
          -0.6550951925863202,
          -0.39930862012912327,
          -0.1674595818672677,
          0.020008846881540726,
          0.14717150709208524,
          0.20356331091532615,
          0.18463785613715292,
          0.09191590079425138,
          -0.06706066665392299,
          -0.2790111601239499,
          -0.5255975773024492,
          -0.784651136265788,
          -1.0319529900110658,
          -1.243416241906587,
          -1.3974079291972765,
          -1.4769175584472987,
          -1.4713073792176345,
          -1.377443894894047,
          -1.20009071772058,
          -0.951527610648036,
          -0.6504416313703513,
          -0.32020783307901707,
          0.013265961637872978,
          0.32391723014808416,
          0.5878992161793045,
          0.7857182018394483,
          0.9039381565549536,
          0.9362979729995418,
          0.8841450875241921,
          0.756156019306216,
          0.5673827423240996,
          0.3377272537005229,
          0.08999922049221601,
          -0.15225167774349974,
          -0.3669193929722904,
          -0.5353345181696548,
          -0.6438825053217263,
          -0.6851026395897926,
          -0.658176111984604,
          -0.568772072533126,
          -0.42828282860395456,
          -0.2525373144400633,
          -0.06013006295071023
        ],
        [
          -1.4076263897903853,
          -1.4825725620877257,
          -1.4555677362269088,
          -1.328909214042009,
          -1.1136622676570493,
          -0.828601339382716,
          -0.4983681991868569,
          -0.15103484599518083,
          0.18464121576219128,
          0.48189711945102637,
          0.7181769476447794,
          0.876558251602579,
          0.9463216421627606,
          0.9229315413918056,
          0.8078975751299289,
          0.6088305654190682,
          0.3395792687116049,
          0.020007309439552947,
          -0.3249933102170131,
          -0.6673501393359897,
          -0.9783050618508857,
          -1.231176454415012,
          -1.4039907935061753,
          -1.4816503901283755,
          -1.4573993771663751,
          -1.3334508037795927,
          -1.120734376987518,
          -0.8378131339534145,
          -0.5090946821730212,
          -0.16252464005196288,
          0.1730073476574741,
          0.47029810749513595,
          0.7062500306284087,
          0.8638566983868043,
          0.9335789425779706,
          0.9139967054205557,
          0.8116929737555075,
          0.6403995403662365,
          0.4195033694562408,
          0.1720704391849306,
          -0.07741420453148085,
          -0.30536946943895477,
          -0.4912831730152589,
          -0.6195184889181644,
          -0.6806008122625088,
          -0.6718778292168114,
          -0.5975084163524285,
          -0.4678015623728889,
          -0.2979884086160898,
          -0.1065628416552591
        ],
        [
          -1.4677769248708312,
          -1.4738638402617987,
          -1.3639288849147253,
          -1.1436929962567393,
          -0.828601339382716,
          -0.4424632846733932,
          -0.015193828363681917,
          0.4201460690646248,
          0.8306813056522923,
          1.1869466043017178,
          1.465395626580663,
          1.6496225672461062,
          1.7301203290280667,
          1.7031597671335164,
          1.5699620175628934,
          1.3370017027613392,
          1.017133107233429,
          0.630394343122122,
          0.20353649986328481,
          -0.23190000656393994,
          -0.6425321183524745,
          -0.9964807779272665,
          -1.2665650316466306,
          -1.4329408138209616,
          -1.4849248254441925,
          -1.421864451973276,
          -1.2530181432262986,
          -0.9965022469586118,
          -0.6774401360351623,
          -0.3255144342030853,
          0.027830961058300317,
          0.35226906954627707,
          0.6212794308689786,
          0.8144056971955351,
          0.9188848079997095,
          0.9305153392166667,
          0.8537073428046533,
          0.700734206365956,
          0.49028131234610794,
          0.2454496344035579,
          -0.008580861504624145,
          -0.2469970621664601,
          -0.4476733769724056,
          -0.5931517114776942,
          -0.6721041318596597,
          -0.6801563026720734,
          -0.6200146260901266,
          -0.5009085252201478,
          -0.3374248105925709,
          -0.14786730677720558
        ],
        [
          -1.4854473327366622,
          -1.4196111059225187,
          -1.2251324330788023,
          -0.9113712863425998,
          -0.4983681991868569,
          -0.015193828363681917,
          0.5027392208195934,
          1.017232029778156,
          1.4914022976352155,
          1.8937710582932312,
          2.20141723951271,
          2.401024043609877,
          2.4870923953779065,
          2.458318998818515,
          2.315063563517962,
          2.0602744903971053,
          1.7029821064604382,
          1.2612714171476433,
          0.7626371416852631,
          0.24173564931371913,
          -0.2633747201933115,
          -0.715418187706236,
          -1.0817803105052894,
          -1.3376544732223867,
          -1.4682202827007003,
          -1.4697411107532534,
          -1.3495639168280227,
          -1.125090340552959,
          -0.8218659991793913,
          -0.4710007700566131,
          -0.1061810000724937,
          0.23943961071575315,
          0.5361829676510963,
          0.7603605083841142,
          0.8961429054814943,
          0.936636484292563,
          0.8840954155929155,
          0.7492812666069355,
          0.5500605430519546,
          0.30939906589186295,
          0.05296326252539912,
          -0.19343164702670312,
          -0.40628024694019604,
          -0.5665231394094367,
          -0.6611699780715119,
          -0.6842738645913387,
          -0.6371882151021412,
          -0.5281083093007893,
          -0.37096843579082517,
          -0.18382529972324732
        ],
        [
          -1.4701228095042131,
          -1.333557765610289,
          -1.0575184126055381,
          -0.6550951925863202,
          -0.15103484599518083,
          0.4201460690646248,
          1.017232029778156,
          1.5964763071954828,
          2.1166732310561063,
          2.544660677380196,
          2.8600646322312846,
          3.056899957792247,
          3.1392620392444717,
          3.111864308064803,
          2.9729062030895332,
          2.7167246419234576,
          2.3433267399866677,
          1.8657914434412333,
          1.3113654557519125,
          0.7179131395157113,
          0.12857363448912737,
          -0.4136163665798688,
          -0.8703732889581616,
          -1.2117940801692055,
          -1.4188328193139785,
          -1.484574950930087,
          -1.4143217700706443,
          -1.2245682693353699,
          -0.9410300632040904,
          -0.5959407413302326,
          -0.22489123294116212,
          0.13648870883732778,
          0.45570371460799675,
          0.7061408431696491,
          0.8691604532077507,
          0.9353656865589589,
          0.9049674143606194,
          0.7872478739917129,
          0.5992095925828564,
          0.36356876808775646,
          0.1063075606223483,
          -0.14596691961336858,
          -0.368600203057787,
          -0.5411634490573338,
          -0.6492184621934423,
          -0.6854271949627424,
          -0.6499261960637625,
          -0.5499597920997642,
          -0.39883727346360087,
          -0.2143421867983976
        ],
        [
          -1.433277430701225,
          -1.231346868844732,
          -0.8811079249661388,
          -0.39930862012912327,
          0.18464121576219128,
          0.8306813056522923,
          1.4914022976352155,
          2.1166732310561063,
          2.659700870149087,
          3.084592260313009,
          3.3746776428692105,
          3.537755903268523,
          3.599390069400191,
          3.5793261264789518,
          3.4702301405944103,
          3.2458735522507003,
          2.887632706571725,
          2.4001408618612934,
          1.8107017392168252,
          1.161695870025914,
          0.5024201479801992,
          -0.11773312829726784,
          -0.6545959069528902,
          -1.0731685861554894,
          -1.3502593588474334,
          -1.4758425964038107,
          -1.4531726638990476,
          -1.297742048435389,
          -1.0352410351160783,
          -0.6987427804683715,
          -0.32539080530871695,
          0.04710204289037428,
          0.3838278890232345,
          0.6556374206950493,
          0.8414261758296532,
          0.9295758896361395,
          0.9184568472287115,
          0.8159869751898029,
          0.6383305915720597,
          0.40789612292197625,
          0.15085087371366904,
          -0.10559278676415017,
          -0.3358542860243616,
          -0.5183733654594392,
          -0.6374961532114224,
          -0.6847008816503369,
          -0.6590745076907641,
          -0.5670266653319438,
          -0.4213011943477661,
          -0.2394109215592821
        ],
        [
          -1.386997541001918,
          -1.1288592682371508,
          -0.7156412813819056,
          -0.1674595818672677,
          0.48189711945102637,
          1.1869466043017178,
          1.8937710582932312,
          2.544660677380196,
          3.084592260313009,
          3.4707433002268204,
          3.6869605579278666,
          3.761635736602231,
          3.7681362170130246,
          3.7678575369562832,
          3.737409910646051,
          3.598420164730549,
          3.297297290565049,
          2.8300076434179693,
          2.2282612738189957,
          1.542455713177337,
          0.8298977642522108,
          0.14701766317128412,
          -0.45609127668548305,
          -0.9395776825507957,
          -1.2764216216990218,
          -1.4537557946708415,
          -1.4729438855674704,
          -1.348491185491493,
          -1.105934793426236,
          -0.7789318270061398,
          -0.4058218018614392,
          -0.025976029229042616,
          0.32374261296237905,
          0.6121044155842319,
          0.8159631216692406,
          0.9218424580451748,
          0.9265553959254468,
          0.8368454649633738,
          0.6681299714295953,
          0.4425045790574522,
          0.1862303457722524,
          -0.07303705120124787,
          -0.3090032282042749,
          -0.49921649360815096,
          -0.6270519445785792,
          -0.6830319272524735,
          -0.6653866032252472,
          -0.5798349906115007,
          -0.4386425196782875,
          -0.25907866200923285
        ],
        [
          -1.3426191599013204,
          -1.040620100826043,
          -0.5787680473544731,
          0.020008846881540726,
          0.7181769476447794,
          1.465395626580663,
          2.20141723951271,
          2.8600646322312846,
          3.3746776428692105,
          3.6869605579278666,
          3.7659027446100093,
          3.6525527271096516,
          3.521833185378336,
          3.573084488564797,
          3.7248317752914084,
          3.753816623381432,
          3.556792825967626,
          3.1367940965524013,
          2.542072147183057,
          1.8366380278007612,
          1.0877089387292593,
          0.3589803633505565,
          -0.29397253410801405,
          -0.827095412085679,
          -1.2101729628672473,
          -1.4280029541739834,
          -1.4803863068299599,
          -1.3809725054932043,
          -1.1550871218862448,
          -0.8367470551161057,
          -0.4651322866796112,
          -0.08082533451556913,
          0.2778541557348203,
          0.5781060527504942,
          0.7952281056652721,
          0.9143165936004425,
          0.9309777251467573,
          0.8510339902862294,
          0.6893031205879991,
          0.4676095057981527,
          0.21225167583242827,
          -0.04881023528355701,
          -0.28876896198284774,
          -0.4845206852728907,
          -0.6187224548382445,
          -0.6811838358817406,
          -0.6694908937710281,
          -0.5888383130697173,
          -0.45112248259166327,
          -0.27341743994360124
        ],
        [
          -1.3095134743569385,
          -0.9784246912045806,
          -0.48456273595671434,
          0.14717150709208524,
          0.876558251602579,
          1.6496225672461062,
          2.401024043609877,
          3.056899957792247,
          3.537755903268523,
          3.761635736602231,
          3.6525527271096516,
          3.190012269267768,
          2.6772891640630427,
          2.891328575562812,
          3.458936521143631,
          3.75015852711277,
          3.6835701701615764,
          3.320387593271975,
          2.7417252556484137,
          2.0288795862532365,
          1.2588753816233513,
          0.5015607930633356,
          -0.18329097721518153,
          -0.7486095983744507,
          -1.1619755259408688,
          -1.4066026049095004,
          -1.481221531484066,
          -1.3988624181626865,
          -1.1846407611085066,
          -0.8727352633793796,
          -0.5028127645368637,
          -0.11620410413502455,
          0.24784122184115878,
          0.5555012093457031,
          0.7810491124276007,
          0.9086342154675621,
          0.933057443527968,
          0.8595224205815588,
          0.7024386449607639,
          0.48343753068174844,
          0.2288270955345975,
          -0.03324775717332324,
          -0.27565766291106397,
          -0.47488410911081674,
          -0.613124255763916,
          -0.6797286526868513,
          -0.6718663767953756,
          -0.5943904505505277,
          -0.45895429191650705,
          -0.28249998542674415
        ],
        [
          -1.294125110468056,
          -0.9502871575504769,
          -0.4424588094172602,
          0.20356331091532615,
          0.9463216421627606,
          1.7301203290280667,
          2.4870923953779065,
          3.1392620392444717,
          3.599390069400191,
          3.7681362170130246,
          3.521833185378336,
          2.6772891640630427,
          1.013634444785362,
          1.9429124714798993,
          3.188081758761559,
          3.702876763447828,
          3.7222930977230146,
          3.39341145274691,
          2.825459733485597,
          2.1111309020062494,
          1.3330023483889692,
          0.564057194461632,
          -0.1339708259153965,
          -0.7127100552284791,
          -1.1388475223373458,
          -1.3949677759056065,
          -1.4793519089792166,
          -1.404721311104631,
          -1.196019208012837,
          -0.8874001548613994,
          -0.518662110475231,
          -0.13141096939013083,
          0.2347171427942923,
          0.5454485895147988,
          0.7745902820627035,
          0.9058554085066192,
          0.9336733834300527,
          0.8629629810373178,
          0.7079460188012638,
          0.49016408386350135,
          0.23592606033102098,
          -0.02654470832884208,
          -0.26998015983376317,
          -0.47068264763819584,
          -0.6106504337589238,
          -0.6790353403616416,
          -0.6728256378576699,
          -0.5967258272326822,
          -0.4622831973959087,
          -0.28638147550159304
        ],
        [
          -1.2993325778903155,
          -0.9597628713919545,
          -0.4566073743077081,
          0.18463785613715292,
          0.9229315413918056,
          1.7031597671335164,
          2.458318998818515,
          3.111864308064803,
          3.5793261264789518,
          3.7678575369562832,
          3.573084488564797,
          2.891328575562812,
          1.9429124714798993,
          2.383847391828127,
          3.2946005209636953,
          3.7206620607854046,
          3.7079135686849956,
          3.366277147624864,
          2.7942806862474083,
          2.0805872039736903,
          1.3058740465714387,
          0.5419916865032974,
          -0.15016956366219225,
          -0.7229509456400398,
          -1.1436371040445854,
          -1.3952501852925439,
          -1.4763046730856182,
          -1.3995478555771013,
          -1.1897879342179507,
          -0.8809589228875779,
          -0.5126243102225863,
          -0.12618630402095815,
          0.23887812250066462,
          0.5484169383966587,
          0.7763348177139212,
          0.9064293287014106,
          0.933204489420587,
          0.861641762395205,
          0.7060089398439436,
          0.48787238198847654,
          0.2335422579202726,
          -0.02877967791580466,
          -0.2718665065158434,
          -0.47207595516647494,
          -0.6114694544085942,
          -0.6792631170685955,
          -0.6725044638532358,
          -0.5959471215011568,
          -0.4611737501852883,
          -0.28508770671732386
        ],
        [
          -1.324168426401468,
          -1.0056582913447811,
          -0.5256168115204771,
          0.09191590079425138,
          0.8078975751299289,
          1.5699620175628934,
          2.315063563517962,
          2.9729062030895332,
          3.4702301405944103,
          3.737409910646051,
          3.7248317752914084,
          3.458936521143631,
          3.188081758761559,
          3.2946005209636953,
          3.6115774249739587,
          3.7607625660221,
          3.6272622392403764,
          3.2351034027965473,
          2.6477888669347265,
          1.9382863697135637,
          1.179134325848278,
          0.43724248639626573,
          -0.2299592250667969,
          -0.7774699674051909,
          -1.1746452999938464,
          -1.4060048244221766,
          -1.4709581047621791,
          -1.3825719417178945,
          -1.165507983843862,
          -0.8532443818121822,
          -0.48472630072125744,
          -0.10067550665899651,
          0.2601215205068285,
          0.564189499778559,
          0.7860790139702256,
          0.9101807810661504,
          0.931511784331517,
          0.8554587152382108,
          0.6965656206834497,
          0.4765357697586322,
          0.22167917433554343,
          -0.03992534997337264,
          -0.28127261945725934,
          -0.4790104008372766,
          -0.6155249502551747,
          -0.6803587948004738,
          -0.6708575071712817,
          -0.5920200196142542,
          -0.4556043355978308,
          -0.2786099784648366
        ],
        [
          -1.3639129364757483,
          -1.0821276942869096,
          -0.6426385728073355,
          -0.06706066665392299,
          0.6088305654190682,
          1.3370017027613392,
          2.0602744903971053,
          2.7167246419234576,
          3.2458735522507003,
          3.598420164730549,
          3.753816623381432,
          3.75015852711277,
          3.702876763447828,
          3.7206620607854046,
          3.7607625660221,
          3.691259287068467,
          3.43440954567276,
          2.9864220652712343,
          2.3858572024158478,
          1.689769630883603,
          0.9605668844002969,
          0.2581735040388387,
          -0.36525692663975157,
          -0.8689455116016083,
          -1.2256038865351153,
          -1.4221943170001519,
          -1.4595768792473511,
          -1.3513161633976558,
          -1.1218097627353707,
          -0.8037749739594512,
          -0.43513275938188406,
          -0.05546449109753388,
          0.29762783614343163,
          0.5918588354383545,
          0.8029350249774503,
          0.9163170897025013,
          0.9279467873179702,
          0.8439361040349154,
          0.6793164513223002,
          0.45602416677343316,
          0.2003551340691717,
          -0.05984491455179335,
          -0.2979780799118559,
          -0.4912181201118782,
          -0.6225358197887639,
          -0.6820576850943142,
          -0.6676597413010722,
          -0.5847749700332667,
          -0.44546899922136973,
          -0.2669068021475806
        ],
        [
          -1.4105569029279021,
          -1.1791574308116695,
          -0.7958119575362376,
          -0.2790111601239499,
          0.3395792687116049,
          1.017133107233429,
          1.7029821064604382,
          2.3433267399866677,
          2.887632706571725,
          3.297297290565049,
          3.556792825967626,
          3.6835701701615764,
          3.7222930977230146,
          3.7079135686849956,
          3.6272622392403764,
          3.43440954567276,
          3.096168443770498,
          2.6130615304575175,
          2.014542683399282,
          1.3472662584451105,
          0.6647730429664818,
          0.01968045786924988,
          -0.5420364209074521,
          -0.9849026421475765,
          -1.2860125591649105,
          -1.4355397553522777,
          -1.436168643622113,
          -1.301940251287233,
          -1.0566982778631304,
          -0.7319973821166478,
          -0.3643164625781655,
          0.008317365459033702,
          0.3499117200811143,
          0.6298162688914154,
          0.8253451055256679,
          0.923456676019532,
          0.9213869047291825,
          0.8262554247911177,
          0.6537587785700051,
          0.4261342593666942,
          0.16962743018081516,
          -0.08827465740333967,
          -0.3215754219601268,
          -0.5082124412263853,
          -0.6319968429841981,
          -0.683888215612413,
          -0.6625137932577566,
          -0.5739159727087889,
          -0.4305865590297311,
          -0.24991239777326
        ],
        [
          -1.4536088384808712,
          -1.2834340114624732,
          -0.969114333640399,
          -0.5255975773024492,
          0.020007309439552947,
          0.630394343122122,
          1.2612714171476433,
          1.8657914434412333,
          2.4001408618612934,
          2.8300076434179693,
          3.1367940965524013,
          3.320387593271975,
          3.39341145274691,
          3.366277147624864,
          3.2351034027965473,
          2.9864220652712343,
          2.6130615304575175,
          2.125161186396668,
          1.5509613754642446,
          0.9314814862454057,
          0.3134872818606353,
          -0.2571619560651991,
          -0.7409492390507919,
          -1.1084122724882841,
          -1.3418447979479886,
          -1.4352199283163716,
          -1.393166910751154,
          -1.229872986052389,
          -0.9680857693740984,
          -0.6376866299135023,
          -0.2733224063503263,
          0.088848855579282,
          0.4147598926291377,
          0.6757482947623892,
          0.8511147267942567,
          0.9296831012517173,
          0.9102991348128997,
          0.8013226296816682,
          0.6192477676242693,
          0.38664193581836065,
          0.12963385625097093,
          -0.12479440575690208,
          -0.3514524358780976,
          -0.5292809778015731,
          -0.6431808176655207,
          -0.6851809607047635,
          -0.6548635682653696,
          -0.5590365650175463,
          -0.4107169585478786,
          -0.22755177997335296
        ],
        [
          -1.4811940053658577,
          -1.3795664207914915,
          -1.1436422467553875,
          -0.784651136265788,
          -0.3249933102170131,
          0.20353649986328481,
          0.7626371416852631,
          1.3113654557519125,
          1.8107017392168252,
          2.2282612738189957,
          2.542072147183057,
          2.7417252556484137,
          2.825459733485597,
          2.7942806862474083,
          2.6477888669347265,
          2.3858572024158478,
          2.014542683399282,
          1.5509613754642446,
          1.0240279245650907,
          0.47146602669970233,
          -0.06520092413239166,
          -0.5462054466028555,
          -0.938520465481195,
          -1.2192479434855643,
          -1.3766388504791565,
          -1.4089253453014985,
          -1.3224500970858764,
          -1.1307329932704222,
          -0.854530852157957,
          -0.5214627307114318,
          -0.16407844365205948,
          0.18346421375695565,
          0.4891855293603551,
          0.7266584659856147,
          0.8774747937433809,
          0.9326293130757254,
          0.8928333892194984,
          0.7678608520346345,
          0.5750812787469869,
          0.3373742146789277,
          0.08064862837031239,
          -0.1687887868708395,
          -0.3867701582538071,
          -0.5534786222842876,
          -0.6551439341409269,
          -0.6850832666893899,
          -0.6440148398540104,
          -0.5396432342368378,
          -0.3855847340263204,
          -0.19976204593409677
        ],
        [
          -1.481358117835663,
          -1.4515861312992986,
          -1.2992757929030336,
          -1.0319529900110658,
          -0.6673501393359897,
          -0.23190000656393994,
          0.24173564931371913,
          0.7179131395157113,
          1.161695870025914,
          1.542455713177337,
          1.8366380278007612,
          2.0288795862532365,
          2.1111309020062494,
          2.0805872039736903,
          1.9382863697135637,
          1.689769630883603,
          1.3472662584451105,
          0.9314814862454057,
          0.47146602669970233,
          0.002276485977550216,
          -0.4390403463222836,
          -0.8183325610189043,
          -1.1090841900071677,
          -1.2955861415293888,
          -1.3730066803632752,
          -1.34429358424726,
          -1.2167283314678699,
          -1.0015400394323717,
          -0.7161341358050137,
          -0.38534218816186916,
          -0.039672352055097844,
          0.2885555957684482,
          0.5694361231352733,
          0.7789349512662966,
          0.9011826819507556,
          0.9295957341097731,
          0.8669455081936036,
          0.7245285362378073,
          0.5206053407352613,
          0.2782965401515656,
          0.023148355981876086,
          -0.21940346201486075,
          -0.4264402406230993,
          -0.5796234716109111,
          -0.6667366660102444,
          -0.6825809859396922,
          -0.6291636103023825,
          -0.5151864528014144,
          -0.35490931102969325,
          -0.16651923864405405
        ],
        [
          -1.4434549649410675,
          -1.484595875300867,
          -1.416589995369695,
          -1.243416241906587,
          -0.9783050618508857,
          -0.6425321183524745,
          -0.2633747201933115,
          0.12857363448912737,
          0.5024201479801992,
          0.8298977642522108,
          1.0877089387292593,
          1.2588753816233513,
          1.3330023483889692,
          1.3058740465714387,
          1.179134325848278,
          0.9605668844002969,
          0.6647730429664818,
          0.3134872818606353,
          -0.06520092413239166,
          -0.4390403463222836,
          -0.7751680486097833,
          -1.0447065145629726,
          -1.2276703991849924,
          -1.316410468252267,
          -1.3146386003350683,
          -1.2307992937344614,
          -1.0713744052367464,
          -0.8422034398568663,
          -0.5554701448941327,
          -0.2331726556745266,
          0.09552310919696036,
          0.39960075812067186,
          0.6510889904987144,
          0.8284780997277734,
          0.9186669304296661,
          0.9177024712644803,
          0.8305477003595106,
          0.6700590325975005,
          0.4553351915791751,
          0.20960986338646392,
          -0.042117562820219515,
          -0.2755015703166527,
          -0.46910621904413013,
          -0.6062992971646934,
          -0.6766227975462147,
          -0.6765289659134773,
          -0.6094330059419546,
          -0.4850993626954993,
          -0.3184415900596246,
          -0.12786985797163986
        ],
        [
          -1.359474353062971,
          -1.4663992329533415,
          -1.4788110466294202,
          -1.3974079291972765,
          -1.231176454415012,
          -0.9964807779272665,
          -0.715418187706236,
          -0.4136163665798688,
          -0.11773312829726784,
          0.14701766317128412,
          0.3589803633505565,
          0.5015607930633356,
          0.564057194461632,
          0.5419916865032974,
          0.43724248639626573,
          0.2581735040388387,
          0.01968045786924988,
          -0.2571619560651991,
          -0.5462054466028555,
          -0.8183325610189043,
          -1.0447065145629726,
          -1.2012610496358005,
          -1.2742278842207873,
          -1.2650060905469755,
          -1.1889833885106549,
          -1.0622610467163205,
          -0.8868438889239332,
          -0.6571763274346925,
          -0.3782631798426073,
          -0.0706928456102471,
          0.23601922717831655,
          0.5113703836387545,
          0.7292473445227869,
          0.870887194748435,
          0.9262117282001434,
          0.8940711671976703,
          0.7816812592784731,
          0.6034156336218686,
          0.3790851503721977,
          0.131850497512254,
          -0.11405889754465535,
          -0.33562647293078507,
          -0.5131337697447949,
          -0.6318684644217852,
          -0.6833092717363357,
          -0.6656918217410056,
          -0.5839192241802833,
          -0.4488438067238597,
          -0.2760059154873739,
          -0.08396572725949211
        ],
        [
          -1.2251618345306012,
          -1.3889296537402434,
          -1.4735911104690358,
          -1.4769175584472987,
          -1.4039907935061753,
          -1.2665650316466306,
          -1.0817803105052894,
          -0.8703732889581616,
          -0.6545959069528902,
          -0.45609127668548305,
          -0.29397253410801405,
          -0.18329097721518153,
          -0.1339708259153965,
          -0.15016956366219225,
          -0.2299592250667969,
          -0.36525692663975157,
          -0.5420364209074521,
          -0.7409492390507919,
          -0.938520465481195,
          -1.1090841900071677,
          -1.2276703991849924,
          -1.2742278842207873,
          -1.2397990442271654,
          -1.134555490936631,
          -0.991015946664921,
          -0.8403004669137657,
          -0.6718884715782698,
          -0.45676195683427784,
          -0.19315995766915625,
          0.09512576846950116,
          0.37576301136209056,
          0.6183014946724381,
          0.7988066838803939,
          0.9016846170896085,
          0.9201683093699058,
          0.8560279046300455,
          0.7187039553232266,
          0.5239541145922358,
          0.29209897585965894,
          0.04598445201046757,
          -0.19118658283426473,
          -0.39797743126746943,
          -0.5566152457971133,
          -0.6544991443668998,
          -0.6851892760460797,
          -0.6487961190415427,
          -0.5517465746036068,
          -0.4059629102339518,
          -0.22754605024889574,
          -0.03510050456370219
        ],
        [
          -1.0407969915639002,
          -1.2493121854293918,
          -1.3943922198270344,
          -1.4713073792176345,
          -1.4816503901283755,
          -1.4329408138209616,
          -1.3376544732223867,
          -1.2117940801692055,
          -1.0731685861554894,
          -0.9395776825507957,
          -0.827095412085679,
          -0.7486095983744507,
          -0.7127100552284791,
          -0.7229509456400398,
          -0.7774699674051909,
          -0.8689455116016083,
          -0.9849026421475765,
          -1.1084122724882841,
          -1.2192479434855643,
          -1.2955861415293888,
          -1.316410468252267,
